원문:
Hello Python!
This is XOR encryption test.
This text is for testing purposes.
There are various inputs here.

암호문:
[79, 98, 107, 107, 104, 39, 87, 126, 115, 111, 104, 105, 38, 13, 83, 111, 110, 116, 39, 110, 116, 39, 95, 72, 85, 39, 98, 105, 100, 117, 126, 119, 115, 110, 104, 105, 39, 115, 98, 116, 115, 41, 13, 83, 111, 110, 116, 39, 115, 98, 127, 115, 39, 110, 116, 39, 97, 104, 117, 39, 115, 98, 116, 115, 110, 105, 96, 39, 119, 114, 117, 119, 104, 116, 98, 116, 41, 13, 83, 111, 98, 117, 98, 39, 102, 117, 98, 39, 113, 102, 117, 110, 104, 114, 116, 39, 110, 105, 119, 114, 115, 116, 39, 111, 98, 117, 98, 41]

복호문:
Hello Python!
This is XOR encryption test.
This text is for testing purposes.
There are various inputs here.